MFG=Keller
S/N=P044457
DATE=28/02/2022
RANGE=PAA-9L / 0,35BAR MM0324 / 03-00006-02
C0=4.31829535927E+00
C1=-1.57913724926E-01
C2=2.44107187057E-04
C3=0.00000000000E+00
C4=0.00000000000E+00
C5=0.00000000000E+00
C6=0.00000000000E+00
C7=0.00000000000E+00
C8=0.00000000000E+00
C9=0.00000000000E+00
C10=0.00000000000E+00
C11=0.00000000000E+00
C12=0.00000000000E+00
C13=-7.90561182141E+03
C14=7.86905806549E+00
